hub,date,agent_id,agent_type,best_bid,best_ask,mid,spread,n_fills,transacted_volume,avg_tx_price
NBP,2024-04-24,1,NoiseAgent,100824.0,100901.0,100862.0,77.0,0,0.0,
NBP,2024-04-24,2,NoiseAgent,,,,,0,0.0,
NBP,2024-04-24,3,NoiseAgent,,,,,0,0.0,
NBP,2024-04-24,4,NoiseAgent,,,,,0,0.0,
NBP,2024-04-24,5,NoiseAgent,,,,,0,0.0,
NBP,2024-04-24,6,NoiseAgent,,,,,0,0.0,
NBP,2024-04-24,7,NoiseAgent,,,,,0,0.0,
NBP,2024-04-24,8,NoiseAgent,101562.0,101572.0,101567.0,10.0,0,0.0,
NBP,2024-04-24,9,NoiseAgent,,,,,0,0.0,
NBP,2024-04-24,10,NoiseAgent,,,,,0,0.0,
NBP,2024-04-24,11,NoiseAgent,,,,,0,0.0,
NBP,2024-04-24,12,NoiseAgent,,,,,0,0.0,
NBP,2024-04-24,13,NoiseAgent,,,,,0,0.0,
NBP,2024-04-24,14,NoiseAgent,,,,,0,0.0,
NBP,2024-04-24,15,NoiseAgent,,,,,0,0.0,
NBP,2024-04-24,16,NoiseAgent,,,,,0,0.0,
NBP,2024-04-24,17,NoiseAgent,,,,,0,0.0,
NBP,2024-04-24,18,NoiseAgent,101699.0,101781.0,101740.0,82.0,0,0.0,
NBP,2024-04-24,19,NoiseAgent,,,,,0,0.0,
NBP,2024-04-24,20,NoiseAgent,,,,,0,0.0,
NBP,2024-04-24,21,NoiseAgent,,,,,0,0.0,
NBP,2024-04-24,22,NoiseAgent,,,,,0,0.0,
NBP,2024-04-24,23,NoiseAgent,96133.0,96471.0,96302.0,338.0,0,0.0,
NBP,2024-04-24,24,NoiseAgent,,,,,0,0.0,
NBP,2024-04-24,25,NoiseAgent,,,,,0,0.0,
NBP,2024-04-24,26,NoiseAgent,,,,,0,0.0,
NBP,2024-04-24,27,NoiseAgent,,,,,0,0.0,
NBP,2024-04-24,28,NoiseAgent,,,,,0,0.0,
NBP,2024-04-24,29,NoiseAgent,,,,,0,0.0,
NBP,2024-04-24,30,NoiseAgent,,,,,0,0.0,
NBP,2024-04-24,31,NoiseAgent,,,,,0,0.0,
NBP,2024-04-24,32,NoiseAgent,,,,,0,0.0,
NBP,2024-04-24,33,NoiseAgent,,,,,0,0.0,
NBP,2024-04-24,34,NoiseAgent,,,,,0,0.0,
NBP,2024-04-24,35,NoiseAgent,,,,,0,0.0,
NBP,2024-04-24,36,NoiseAgent,,,,,0,0.0,
NBP,2024-04-24,37,NoiseAgent,,,,,0,0.0,
NBP,2024-04-24,38,NoiseAgent,,,,,0,0.0,
NBP,2024-04-24,39,NoiseAgent,,,,,0,0.0,
NBP,2024-04-24,40,NoiseAgent,100011.0,100022.0,100016.0,11.0,0,0.0,
NBP,2024-04-24,41,NoiseAgent,,,,,0,0.0,
NBP,2024-04-24,42,NoiseAgent,,,,,0,0.0,
NBP,2024-04-24,43,NoiseAgent,,,,,0,0.0,
NBP,2024-04-24,44,NoiseAgent,,,,,0,0.0,
NBP,2024-04-24,45,NoiseAgent,99555.0,99568.0,99562.0,13.0,0,0.0,
NBP,2024-04-24,46,NoiseAgent,99655.0,99679.0,99667.0,24.0,0,0.0,
NBP,2024-04-24,47,NoiseAgent,,,,,0,0.0,
NBP,2024-04-24,48,NoiseAgent,,,,,0,0.0,
NBP,2024-04-24,49,NoiseAgent,,,,,0,0.0,
NBP,2024-04-24,50,NoiseAgent,96700.0,96702.0,96701.0,2.0,0,0.0,
NBP,2024-04-24,51,NoiseAgent,,,,,0,0.0,
NBP,2024-04-24,52,NoiseAgent,,,,,0,0.0,
NBP,2024-04-24,53,NoiseAgent,,,,,0,0.0,
NBP,2024-04-24,54,NoiseAgent,,,,,0,0.0,
NBP,2024-04-24,55,NoiseAgent,,,,,0,0.0,
NBP,2024-04-24,56,NoiseAgent,,,,,0,0.0,
NBP,2024-04-24,57,NoiseAgent,,,,,0,0.0,
NBP,2024-04-24,58,NoiseAgent,102969.0,103155.0,103062.0,186.0,0,0.0,
NBP,2024-04-24,59,NoiseAgent,,,,,0,0.0,
NBP,2024-04-24,60,NoiseAgent,,,,,0,0.0,
NBP,2024-04-24,61,NoiseAgent,,,,,0,0.0,
NBP,2024-04-24,62,NoiseAgent,,,,,0,0.0,
NBP,2024-04-24,63,NoiseAgent,,,,,0,0.0,
NBP,2024-04-24,64,NoiseAgent,94712.0,97418.0,96065.0,2706.0,0,0.0,
NBP,2024-04-24,65,NoiseAgent,101508.0,101509.0,101508.0,1.0,0,0.0,
NBP,2024-04-24,66,NoiseAgent,,,,,0,0.0,
NBP,2024-04-24,67,NoiseAgent,,,,,0,0.0,
NBP,2024-04-24,68,NoiseAgent,101506.0,101508.0,101507.0,2.0,0,0.0,
NBP,2024-04-24,69,NoiseAgent,,,,,0,0.0,
NBP,2024-04-24,70,NoiseAgent,99740.0,99749.0,99744.0,9.0,0,0.0,
NBP,2024-04-24,71,NoiseAgent,,,,,0,0.0,
NBP,2024-04-24,72,NoiseAgent,,,,,0,0.0,
NBP,2024-04-24,73,NoiseAgent,95541.0,95696.0,95618.0,155.0,0,0.0,
NBP,2024-04-24,74,NoiseAgent,,,,,0,0.0,
NBP,2024-04-24,75,NoiseAgent,,,,,0,0.0,
NBP,2024-04-24,76,NoiseAgent,,,,,0,0.0,
NBP,2024-04-24,77,NoiseAgent,,,,,0,0.0,
NBP,2024-04-24,78,NoiseAgent,96707.0,96708.0,96708.0,1.0,0,0.0,
NBP,2024-04-24,79,NoiseAgent,,,,,0,0.0,
NBP,2024-04-24,80,NoiseAgent,,,,,0,0.0,
NBP,2024-04-24,81,NoiseAgent,94697.0,94712.0,94704.0,15.0,0,0.0,
NBP,2024-04-24,82,NoiseAgent,99025.0,99029.0,99027.0,4.0,0,0.0,
NBP,2024-04-24,83,NoiseAgent,,,,,0,0.0,
NBP,2024-04-24,84,NoiseAgent,,,,,0,0.0,
NBP,2024-04-24,85,NoiseAgent,,,,,0,0.0,
NBP,2024-04-24,86,NoiseAgent,,,,,0,0.0,
NBP,2024-04-24,87,NoiseAgent,,,,,0,0.0,
NBP,2024-04-24,88,NoiseAgent,,,,,0,0.0,
NBP,2024-04-24,89,NoiseAgent,,,,,0,0.0,
NBP,2024-04-24,90,NoiseAgent,,,,,0,0.0,
NBP,2024-04-24,91,NoiseAgent,99235.0,99237.0,99236.0,2.0,0,0.0,
NBP,2024-04-24,92,NoiseAgent,,,,,0,0.0,
NBP,2024-04-24,93,NoiseAgent,,,,,0,0.0,
NBP,2024-04-24,94,NoiseAgent,,,,,0,0.0,
NBP,2024-04-24,95,NoiseAgent,,,,,0,0.0,
NBP,2024-04-24,96,NoiseAgent,,,,,0,0.0,
NBP,2024-04-24,97,NoiseAgent,,,,,0,0.0,
NBP,2024-04-24,98,NoiseAgent,,,,,0,0.0,
NBP,2024-04-24,99,NoiseAgent,,,,,0,0.0,
NBP,2024-04-24,100,NoiseAgent,,,,,0,0.0,
NBP,2024-04-24,101,NoiseAgent,98108.0,98338.0,98223.0,230.0,0,0.0,
NBP,2024-04-24,102,NoiseAgent,,,,,0,0.0,
NBP,2024-04-24,103,NoiseAgent,,,,,0,0.0,
NBP,2024-04-24,104,NoiseAgent,,,,,0,0.0,
NBP,2024-04-24,105,NoiseAgent,,,,,0,0.0,
NBP,2024-04-24,106,NoiseAgent,,,,,0,0.0,
NBP,2024-04-24,107,NoiseAgent,,,,,0,0.0,
NBP,2024-04-24,108,NoiseAgent,100824.0,100828.0,100826.0,4.0,0,0.0,
NBP,2024-04-24,109,NoiseAgent,,,,,0,0.0,
NBP,2024-04-24,110,NoiseAgent,,,,,0,0.0,
NBP,2024-04-24,111,NoiseAgent,,,,,0,0.0,
NBP,2024-04-24,112,NoiseAgent,,,,,0,0.0,
NBP,2024-04-24,113,NoiseAgent,,,,,0,0.0,
NBP,2024-04-24,114,NoiseAgent,,,,,0,0.0,
NBP,2024-04-24,115,NoiseAgent,,,,,0,0.0,
NBP,2024-04-24,116,NoiseAgent,,,,,0,0.0,
NBP,2024-04-24,117,NoiseAgent,,,,,0,0.0,
NBP,2024-04-24,118,NoiseAgent,,,,,0,0.0,
NBP,2024-04-24,119,NoiseAgent,,,,,0,0.0,
NBP,2024-04-24,120,NoiseAgent,,,,,0,0.0,
NBP,2024-04-24,121,NoiseAgent,99143.0,99144.0,99144.0,1.0,0,0.0,
NBP,2024-04-24,122,NoiseAgent,,,,,0,0.0,
NBP,2024-04-24,123,NoiseAgent,,,,,0,0.0,
NBP,2024-04-24,124,NoiseAgent,,,,,0,0.0,
NBP,2024-04-24,125,NoiseAgent,,,,,0,0.0,
NBP,2024-04-24,126,NoiseAgent,,,,,0,0.0,
NBP,2024-04-24,127,NoiseAgent,,,,,0,0.0,
NBP,2024-04-24,128,NoiseAgent,,,,,0,0.0,
NBP,2024-04-24,129,NoiseAgent,,,,,0,0.0,
NBP,2024-04-24,130,NoiseAgent,,,,,0,0.0,
NBP,2024-04-24,131,NoiseAgent,,,,,0,0.0,
NBP,2024-04-24,132,NoiseAgent,,,,,0,0.0,
NBP,2024-04-24,133,NoiseAgent,,,,,0,0.0,
NBP,2024-04-24,134,NoiseAgent,,,,,0,0.0,
NBP,2024-04-24,135,NoiseAgent,,,,,0,0.0,
NBP,2024-04-24,136,NoiseAgent,,,,,0,0.0,
NBP,2024-04-24,137,NoiseAgent,,,,,0,0.0,
NBP,2024-04-24,138,NoiseAgent,,,,,0,0.0,
NBP,2024-04-24,139,NoiseAgent,,,,,0,0.0,
NBP,2024-04-24,140,NoiseAgent,99821.0,99965.0,99893.0,144.0,0,0.0,
NBP,2024-04-24,141,NoiseAgent,,,,,0,0.0,
NBP,2024-04-24,142,NoiseAgent,,,,,0,0.0,
NBP,2024-04-24,143,NoiseAgent,,,,,0,0.0,
NBP,2024-04-24,144,NoiseAgent,,,,,0,0.0,
NBP,2024-04-24,145,NoiseAgent,,,,,0,0.0,
NBP,2024-04-24,146,NoiseAgent,,,,,0,0.0,
NBP,2024-04-24,147,NoiseAgent,,,,,0,0.0,
NBP,2024-04-24,148,NoiseAgent,,,,,0,0.0,
NBP,2024-04-24,149,NoiseAgent,,,,,0,0.0,
NBP,2024-04-24,150,NoiseAgent,,,,,0,0.0,
NBP,2024-04-24,151,NoiseAgent,,,,,0,0.0,
NBP,2024-04-24,152,NoiseAgent,,,,,0,0.0,
NBP,2024-04-24,153,NoiseAgent,101510.0,101511.0,101510.0,1.0,0,0.0,
NBP,2024-04-24,154,NoiseAgent,,,,,0,0.0,
NBP,2024-04-24,155,NoiseAgent,,,,,0,0.0,
NBP,2024-04-24,156,NoiseAgent,,,,,0,0.0,
NBP,2024-04-24,157,NoiseAgent,96707.0,96708.0,96708.0,1.0,0,0.0,
NBP,2024-04-24,158,NoiseAgent,,,,,0,0.0,
NBP,2024-04-24,159,NoiseAgent,,,,,0,0.0,
NBP,2024-04-24,160,NoiseAgent,,,,,0,0.0,
NBP,2024-04-24,161,NoiseAgent,,,,,0,0.0,
NBP,2024-04-24,162,NoiseAgent,,,,,0,0.0,
NBP,2024-04-24,163,NoiseAgent,,,,,0,0.0,
NBP,2024-04-24,164,NoiseAgent,,,,,0,0.0,
NBP,2024-04-24,165,NoiseAgent,,,,,0,0.0,
NBP,2024-04-24,166,NoiseAgent,,,,,0,0.0,
NBP,2024-04-24,167,NoiseAgent,,,,,0,0.0,
NBP,2024-04-24,168,NoiseAgent,96706.0,96707.0,96706.0,1.0,0,0.0,
NBP,2024-04-24,169,NoiseAgent,99821.0,99843.0,99832.0,22.0,0,0.0,
NBP,2024-04-24,170,NoiseAgent,,,,,0,0.0,
NBP,2024-04-24,171,NoiseAgent,,,,,0,0.0,
NBP,2024-04-24,172,NoiseAgent,,,,,0,0.0,
NBP,2024-04-24,173,NoiseAgent,,,,,0,0.0,
NBP,2024-04-24,174,NoiseAgent,,,,,0,0.0,
NBP,2024-04-24,175,NoiseAgent,101582.0,101584.0,101583.0,2.0,0,0.0,
NBP,2024-04-24,176,NoiseAgent,,,,,0,0.0,
NBP,2024-04-24,177,NoiseAgent,,,,,0,0.0,
NBP,2024-04-24,178,NoiseAgent,,,,,0,0.0,
NBP,2024-04-24,179,NoiseAgent,,,,,0,0.0,
NBP,2024-04-24,180,NoiseAgent,,,,,0,0.0,
NBP,2024-04-24,181,NoiseAgent,,,,,0,0.0,
NBP,2024-04-24,182,NoiseAgent,,,,,0,0.0,
NBP,2024-04-24,183,NoiseAgent,,,,,0,0.0,
NBP,2024-04-24,184,NoiseAgent,,,,,0,0.0,
NBP,2024-04-24,185,NoiseAgent,,,,,0,0.0,
NBP,2024-04-24,186,NoiseAgent,,,,,0,0.0,
NBP,2024-04-24,187,NoiseAgent,,,,,0,0.0,
NBP,2024-04-24,188,NoiseAgent,,,,,0,0.0,
NBP,2024-04-24,189,NoiseAgent,,,,,0,0.0,
NBP,2024-04-24,190,NoiseAgent,100901.0,101362.0,101132.0,461.0,0,0.0,
NBP,2024-04-24,191,NoiseAgent,,,,,0,0.0,
NBP,2024-04-24,192,NoiseAgent,,,,,0,0.0,
NBP,2024-04-24,193,NoiseAgent,,,,,0,0.0,
NBP,2024-04-24,194,NoiseAgent,,,,,0,0.0,
NBP,2024-04-24,195,NoiseAgent,,,,,0,0.0,
NBP,2024-04-24,196,NoiseAgent,,,,,0,0.0,
NBP,2024-04-24,197,NoiseAgent,,,,,0,0.0,
NBP,2024-04-24,198,NoiseAgent,,,,,0,0.0,
NBP,2024-04-24,199,NoiseAgent,,,,,0,0.0,
NBP,2024-04-24,200,NoiseAgent,,,,,0,0.0,
NBP,2024-04-24,201,NoiseAgent,,,,,0,0.0,
NBP,2024-04-24,202,NoiseAgent,,,,,0,0.0,
NBP,2024-04-24,203,NoiseAgent,,,,,0,0.0,
NBP,2024-04-24,204,NoiseAgent,,,,,0,0.0,
NBP,2024-04-24,205,NoiseAgent,,,,,0,0.0,
NBP,2024-04-24,206,NoiseAgent,,,,,0,0.0,
NBP,2024-04-24,207,NoiseAgent,,,,,0,0.0,
NBP,2024-04-24,208,NoiseAgent,,,,,0,0.0,
NBP,2024-04-24,209,NoiseAgent,,,,,0,0.0,
NBP,2024-04-24,210,NoiseAgent,,,,,0,0.0,
NBP,2024-04-24,211,NoiseAgent,,,,,0,0.0,
NBP,2024-04-24,212,NoiseAgent,,,,,0,0.0,
NBP,2024-04-24,213,NoiseAgent,,,,,0,0.0,
NBP,2024-04-24,214,NoiseAgent,,,,,0,0.0,
NBP,2024-04-24,215,NoiseAgent,99447.0,99494.0,99470.0,47.0,0,0.0,
NBP,2024-04-24,216,NoiseAgent,,,,,0,0.0,
NBP,2024-04-24,217,NoiseAgent,,,,,0,0.0,
NBP,2024-04-24,218,NoiseAgent,,,,,0,0.0,
NBP,2024-04-24,219,NoiseAgent,,,,,0,0.0,
NBP,2024-04-24,220,NoiseAgent,,,,,0,0.0,
NBP,2024-04-24,221,NoiseAgent,,,,,0,0.0,
NBP,2024-04-24,222,NoiseAgent,,,,,0,0.0,
NBP,2024-04-24,223,NoiseAgent,,,,,0,0.0,
NBP,2024-04-24,224,NoiseAgent,,,,,0,0.0,
NBP,2024-04-24,225,NoiseAgent,,,,,0,0.0,
NBP,2024-04-24,226,NoiseAgent,,,,,0,0.0,
NBP,2024-04-24,227,NoiseAgent,,,,,0,0.0,
NBP,2024-04-24,228,NoiseAgent,95999.0,96024.0,96012.0,25.0,0,0.0,
NBP,2024-04-24,229,NoiseAgent,99539.0,99558.0,99548.0,19.0,0,0.0,
NBP,2024-04-24,230,NoiseAgent,99025.0,99029.0,99027.0,4.0,0,0.0,
NBP,2024-04-24,231,NoiseAgent,,,,,0,0.0,
NBP,2024-04-24,232,NoiseAgent,,,,,0,0.0,
NBP,2024-04-24,233,NoiseAgent,,,,,0,0.0,
NBP,2024-04-24,234,NoiseAgent,,,,,0,0.0,
NBP,2024-04-24,235,NoiseAgent,101561.0,101562.0,101562.0,1.0,0,0.0,
NBP,2024-04-24,236,NoiseAgent,,,,,0,0.0,
NBP,2024-04-24,237,NoiseAgent,,,,,0,0.0,
NBP,2024-04-24,238,NoiseAgent,,,,,0,0.0,
NBP,2024-04-24,239,NoiseAgent,,,,,0,0.0,
NBP,2024-04-24,240,NoiseAgent,,,,,0,0.0,
NBP,2024-04-24,241,NoiseAgent,,,,,0,0.0,
NBP,2024-04-24,242,NoiseAgent,,,,,0,0.0,
NBP,2024-04-24,243,NoiseAgent,,,,,0,0.0,
NBP,2024-04-24,244,NoiseAgent,,,,,0,0.0,
NBP,2024-04-24,245,NoiseAgent,,,,,0,0.0,
NBP,2024-04-24,246,NoiseAgent,,,,,0,0.0,
NBP,2024-04-24,247,NoiseAgent,,,,,0,0.0,
NBP,2024-04-24,248,NoiseAgent,,,,,0,0.0,
NBP,2024-04-24,249,NoiseAgent,,,,,0,0.0,
NBP,2024-04-24,250,NoiseAgent,,,,,0,0.0,
NBP,2024-04-24,251,NoiseAgent,,,,,0,0.0,
NBP,2024-04-24,252,NoiseAgent,,,,,0,0.0,
NBP,2024-04-24,253,NoiseAgent,,,,,0,0.0,
NBP,2024-04-24,254,NoiseAgent,,,,,0,0.0,
NBP,2024-04-24,255,NoiseAgent,,,,,0,0.0,
NBP,2024-04-24,256,NoiseAgent,,,,,0,0.0,
NBP,2024-04-24,257,NoiseAgent,,,,,0,0.0,
NBP,2024-04-24,258,NoiseAgent,,,,,0,0.0,
NBP,2024-04-24,259,NoiseAgent,,,,,0,0.0,
NBP,2024-04-24,260,NoiseAgent,,,,,0,0.0,
NBP,2024-04-24,261,NoiseAgent,,,,,0,0.0,
NBP,2024-04-24,262,NoiseAgent,,,,,0,0.0,
NBP,2024-04-24,263,NoiseAgent,,,,,0,0.0,
NBP,2024-04-24,264,NoiseAgent,,,,,0,0.0,
NBP,2024-04-24,265,NoiseAgent,99722.0,99740.0,99731.0,18.0,0,0.0,
NBP,2024-04-24,266,NoiseAgent,,,,,0,0.0,
NBP,2024-04-24,267,NoiseAgent,99170.0,99180.0,99175.0,10.0,0,0.0,
NBP,2024-04-24,268,NoiseAgent,,,,,0,0.0,
NBP,2024-04-24,269,NoiseAgent,,,,,0,0.0,
NBP,2024-04-24,270,NoiseAgent,,,,,0,0.0,
NBP,2024-04-24,271,NoiseAgent,,,,,0,0.0,
NBP,2024-04-24,272,NoiseAgent,,,,,0,0.0,
NBP,2024-04-24,273,NoiseAgent,,,,,0,0.0,
NBP,2024-04-24,274,NoiseAgent,,,,,0,0.0,
NBP,2024-04-24,275,NoiseAgent,,,,,0,0.0,
NBP,2024-04-24,276,NoiseAgent,,,,,0,0.0,
NBP,2024-04-24,277,NoiseAgent,99321.0,99328.0,99324.0,7.0,0,0.0,
NBP,2024-04-24,278,NoiseAgent,,,,,0,0.0,
NBP,2024-04-24,279,NoiseAgent,,,,,0,0.0,
NBP,2024-04-24,280,NoiseAgent,,,,,0,0.0,
NBP,2024-04-24,281,NoiseAgent,,,,,0,0.0,
NBP,2024-04-24,282,NoiseAgent,,,,,0,0.0,
NBP,2024-04-24,283,NoiseAgent,,,,,0,0.0,
NBP,2024-04-24,284,NoiseAgent,,,,,0,0.0,
NBP,2024-04-24,285,NoiseAgent,,,,,0,0.0,
NBP,2024-04-24,286,NoiseAgent,,,,,0,0.0,
NBP,2024-04-24,287,NoiseAgent,,,,,0,0.0,
NBP,2024-04-24,288,NoiseAgent,,,,,0,0.0,
NBP,2024-04-24,289,NoiseAgent,,,,,0,0.0,
NBP,2024-04-24,290,NoiseAgent,,,,,0,0.0,
NBP,2024-04-24,291,NoiseAgent,,,,,0,0.0,
NBP,2024-04-24,292,NoiseAgent,,,,,0,0.0,
NBP,2024-04-24,293,NoiseAgent,,,,,0,0.0,
NBP,2024-04-24,294,NoiseAgent,,,,,0,0.0,
NBP,2024-04-24,295,NoiseAgent,99144.0,99160.0,99152.0,16.0,0,0.0,
NBP,2024-04-24,296,NoiseAgent,,,,,0,0.0,
NBP,2024-04-24,297,NoiseAgent,,,,,0,0.0,
NBP,2024-04-24,298,NoiseAgent,,,,,0,0.0,
NBP,2024-04-24,299,NoiseAgent,,,,,0,0.0,
NBP,2024-04-24,300,NoiseAgent,,,,,0,0.0,
NBP,2024-04-24,301,NoiseAgent,,,,,0,0.0,
NBP,2024-04-24,302,NoiseAgent,,,,,0,0.0,
NBP,2024-04-24,303,NoiseAgent,101561.0,101562.0,101562.0,1.0,0,0.0,
NBP,2024-04-24,304,NoiseAgent,,,,,0,0.0,
NBP,2024-04-24,305,NoiseAgent,,,,,0,0.0,
NBP,2024-04-24,306,NoiseAgent,,,,,0,0.0,
NBP,2024-04-24,307,NoiseAgent,,,,,0,0.0,
NBP,2024-04-24,308,NoiseAgent,,,,,0,0.0,
NBP,2024-04-24,309,NoiseAgent,,,,,0,0.0,
NBP,2024-04-24,310,NoiseAgent,,,,,0,0.0,
NBP,2024-04-24,311,NoiseAgent,,,,,0,0.0,
NBP,2024-04-24,312,NoiseAgent,,,,,0,0.0,
NBP,2024-04-24,313,NoiseAgent,101542.0,101543.0,101542.0,1.0,0,0.0,
NBP,2024-04-24,314,NoiseAgent,,,,,0,0.0,
NBP,2024-04-24,315,NoiseAgent,99255.0,99260.0,99258.0,5.0,0,0.0,
NBP,2024-04-24,316,NoiseAgent,,,,,0,0.0,
NBP,2024-04-24,317,NoiseAgent,,,,,0,0.0,
NBP,2024-04-24,318,NoiseAgent,,,,,0,0.0,
NBP,2024-04-24,319,NoiseAgent,102969.0,103425.0,103197.0,456.0,0,0.0,
NBP,2024-04-24,320,NoiseAgent,,,,,0,0.0,
NBP,2024-04-24,321,NoiseAgent,,,,,0,0.0,
NBP,2024-04-24,322,NoiseAgent,,,,,0,0.0,
NBP,2024-04-24,323,NoiseAgent,95867.0,96024.0,95946.0,157.0,0,0.0,
NBP,2024-04-24,324,NoiseAgent,,,,,0,0.0,
NBP,2024-04-24,325,NoiseAgent,,,,,0,0.0,
NBP,2024-04-24,326,NoiseAgent,,,,,0,0.0,
NBP,2024-04-24,327,NoiseAgent,,,,,0,0.0,
NBP,2024-04-24,328,NoiseAgent,,,,,0,0.0,
NBP,2024-04-24,329,NoiseAgent,,,,,0,0.0,
NBP,2024-04-24,330,NoiseAgent,,,,,0,0.0,
NBP,2024-04-24,331,NoiseAgent,,,,,0,0.0,
NBP,2024-04-24,332,NoiseAgent,,,,,0,0.0,
NBP,2024-04-24,333,NoiseAgent,99654.0,99655.0,99654.0,1.0,0,0.0,
NBP,2024-04-24,334,NoiseAgent,,,,,0,0.0,
NBP,2024-04-24,335,NoiseAgent,,,,,0,0.0,
NBP,2024-04-24,336,NoiseAgent,,,,,0,0.0,
NBP,2024-04-24,337,NoiseAgent,,,,,0,0.0,
NBP,2024-04-24,338,NoiseAgent,,,,,0,0.0,
NBP,2024-04-24,339,NoiseAgent,,,,,0,0.0,
NBP,2024-04-24,340,NoiseAgent,,,,,0,0.0,
NBP,2024-04-24,341,NoiseAgent,,,,,0,0.0,
NBP,2024-04-24,342,NoiseAgent,,,,,0,0.0,
NBP,2024-04-24,343,NoiseAgent,,,,,0,0.0,
NBP,2024-04-24,344,NoiseAgent,,,,,0,0.0,
NBP,2024-04-24,345,NoiseAgent,,,,,0,0.0,
NBP,2024-04-24,346,NoiseAgent,,,,,0,0.0,
NBP,2024-04-24,347,NoiseAgent,,,,,0,0.0,
NBP,2024-04-24,348,NoiseAgent,,,,,0,0.0,
NBP,2024-04-24,349,NoiseAgent,99743.0,99754.0,99748.0,11.0,0,0.0,
NBP,2024-04-24,350,NoiseAgent,,,,,0,0.0,
NBP,2024-04-24,351,NoiseAgent,98795.0,98866.0,98830.0,71.0,0,0.0,
NBP,2024-04-24,352,NoiseAgent,,,,,0,0.0,
NBP,2024-04-24,353,NoiseAgent,,,,,0,0.0,
NBP,2024-04-24,354,NoiseAgent,,,,,0,0.0,
NBP,2024-04-24,355,NoiseAgent,,,,,0,0.0,
NBP,2024-04-24,356,NoiseAgent,,,,,0,0.0,
NBP,2024-04-24,357,NoiseAgent,,,,,0,0.0,
NBP,2024-04-24,358,NoiseAgent,,,,,0,0.0,
NBP,2024-04-24,359,NoiseAgent,,,,,0,0.0,
NBP,2024-04-24,360,NoiseAgent,,,,,0,0.0,
NBP,2024-04-24,361,NoiseAgent,,,,,0,0.0,
NBP,2024-04-24,362,NoiseAgent,,,,,0,0.0,
NBP,2024-04-24,363,NoiseAgent,,,,,0,0.0,
NBP,2024-04-24,364,NoiseAgent,,,,,0,0.0,
NBP,2024-04-24,365,NoiseAgent,,,,,0,0.0,
NBP,2024-04-24,366,NoiseAgent,,,,,0,0.0,
NBP,2024-04-24,367,NoiseAgent,,,,,0,0.0,
NBP,2024-04-24,368,NoiseAgent,,,,,0,0.0,
NBP,2024-04-24,369,NoiseAgent,,,,,0,0.0,
NBP,2024-04-24,370,NoiseAgent,,,,,0,0.0,
NBP,2024-04-24,371,NoiseAgent,,,,,0,0.0,
NBP,2024-04-24,372,NoiseAgent,,,,,0,0.0,
NBP,2024-04-24,373,NoiseAgent,,,,,0,0.0,
NBP,2024-04-24,374,NoiseAgent,,,,,0,0.0,
NBP,2024-04-24,375,NoiseAgent,,,,,0,0.0,
NBP,2024-04-24,376,NoiseAgent,,,,,0,0.0,
NBP,2024-04-24,377,NoiseAgent,,,,,0,0.0,
NBP,2024-04-24,378,NoiseAgent,,,,,0,0.0,
NBP,2024-04-24,379,NoiseAgent,,,,,0,0.0,
NBP,2024-04-24,380,NoiseAgent,,,,,0,0.0,
NBP,2024-04-24,381,NoiseAgent,98796.0,98926.0,98861.0,130.0,0,0.0,
NBP,2024-04-24,382,NoiseAgent,,,,,0,0.0,
NBP,2024-04-24,383,NoiseAgent,,,,,0,0.0,
NBP,2024-04-24,384,NoiseAgent,,,,,0,0.0,
NBP,2024-04-24,385,NoiseAgent,,,,,0,0.0,
NBP,2024-04-24,386,NoiseAgent,,,,,0,0.0,
NBP,2024-04-24,387,NoiseAgent,,,,,0,0.0,
NBP,2024-04-24,388,NoiseAgent,,,,,0,0.0,
NBP,2024-04-24,389,NoiseAgent,,,,,0,0.0,
NBP,2024-04-24,390,NoiseAgent,,,,,0,0.0,
NBP,2024-04-24,391,NoiseAgent,,,,,0,0.0,
NBP,2024-04-24,392,NoiseAgent,,,,,0,0.0,
NBP,2024-04-24,393,NoiseAgent,,,,,0,0.0,
NBP,2024-04-24,394,NoiseAgent,,,,,0,0.0,
NBP,2024-04-24,395,NoiseAgent,,,,,0,0.0,
NBP,2024-04-24,396,NoiseAgent,,,,,0,0.0,
NBP,2024-04-24,397,NoiseAgent,,,,,0,0.0,
NBP,2024-04-24,398,NoiseAgent,,,,,0,0.0,
NBP,2024-04-24,399,NoiseAgent,,,,,0,0.0,
NBP,2024-04-24,400,NoiseAgent,,,,,0,0.0,
NBP,2024-04-24,401,NoiseAgent,,,,,0,0.0,
NBP,2024-04-24,402,NoiseAgent,,,,,0,0.0,
NBP,2024-04-24,403,NoiseAgent,,,,,0,0.0,
NBP,2024-04-24,404,NoiseAgent,,,,,0,0.0,
NBP,2024-04-24,405,NoiseAgent,,,,,0,0.0,
NBP,2024-04-24,406,NoiseAgent,,,,,0,0.0,
NBP,2024-04-24,407,NoiseAgent,99749.0,99799.0,99774.0,50.0,0,0.0,
NBP,2024-04-24,408,NoiseAgent,,,,,0,0.0,
NBP,2024-04-24,409,NoiseAgent,,,,,0,0.0,
NBP,2024-04-24,410,NoiseAgent,,,,,0,0.0,
NBP,2024-04-24,411,NoiseAgent,,,,,0,0.0,
NBP,2024-04-24,412,NoiseAgent,,,,,0,0.0,
NBP,2024-04-24,413,NoiseAgent,,,,,0,0.0,
NBP,2024-04-24,414,NoiseAgent,,,,,0,0.0,
NBP,2024-04-24,415,NoiseAgent,,,,,0,0.0,
NBP,2024-04-24,416,NoiseAgent,,,,,0,0.0,
NBP,2024-04-24,417,NoiseAgent,,,,,0,0.0,
NBP,2024-04-24,418,NoiseAgent,,,,,0,0.0,
NBP,2024-04-24,419,NoiseAgent,,,,,0,0.0,
NBP,2024-04-24,420,NoiseAgent,,,,,0,0.0,
NBP,2024-04-24,421,NoiseAgent,,,,,0,0.0,
NBP,2024-04-24,422,NoiseAgent,,,,,0,0.0,
NBP,2024-04-24,423,NoiseAgent,,,,,0,0.0,
NBP,2024-04-24,424,NoiseAgent,,,,,0,0.0,
NBP,2024-04-24,425,NoiseAgent,,,,,0,0.0,
NBP,2024-04-24,426,NoiseAgent,,,,,0,0.0,
NBP,2024-04-24,427,NoiseAgent,,,,,0,0.0,
NBP,2024-04-24,428,NoiseAgent,,,,,0,0.0,
NBP,2024-04-24,429,NoiseAgent,,,,,0,0.0,
NBP,2024-04-24,430,NoiseAgent,,,,,0,0.0,
NBP,2024-04-24,431,NoiseAgent,,,,,0,0.0,
NBP,2024-04-24,432,NoiseAgent,,,,,0,0.0,
NBP,2024-04-24,433,NoiseAgent,99539.0,99546.0,99542.0,7.0,0,0.0,
NBP,2024-04-24,434,NoiseAgent,,,,,0,0.0,
NBP,2024-04-24,435,NoiseAgent,,,,,0,0.0,
NBP,2024-04-24,436,NoiseAgent,,,,,0,0.0,
NBP,2024-04-24,437,NoiseAgent,99375.0,99402.0,99388.0,27.0,0,0.0,
NBP,2024-04-24,438,NoiseAgent,,,,,0,0.0,
NBP,2024-04-24,439,NoiseAgent,,,,,0,0.0,
NBP,2024-04-24,440,NoiseAgent,,,,,0,0.0,
NBP,2024-04-24,441,NoiseAgent,101075.0,101126.0,101100.0,51.0,0,0.0,
NBP,2024-04-24,442,NoiseAgent,99029.0,99032.0,99030.0,3.0,0,0.0,
NBP,2024-04-24,443,NoiseAgent,,,,,0,0.0,
NBP,2024-04-24,444,NoiseAgent,,,,,0,0.0,
NBP,2024-04-24,445,NoiseAgent,,,,,0,0.0,
NBP,2024-04-24,446,NoiseAgent,,,,,0,0.0,
NBP,2024-04-24,447,NoiseAgent,,,,,0,0.0,
NBP,2024-04-24,448,NoiseAgent,,,,,0,0.0,
NBP,2024-04-24,449,NoiseAgent,,,,,0,0.0,
NBP,2024-04-24,450,NoiseAgent,,,,,0,0.0,
NBP,2024-04-24,451,NoiseAgent,,,,,0,0.0,
NBP,2024-04-24,452,NoiseAgent,,,,,0,0.0,
NBP,2024-04-24,453,NoiseAgent,,,,,0,0.0,
NBP,2024-04-24,454,NoiseAgent,,,,,0,0.0,
NBP,2024-04-24,455,NoiseAgent,,,,,0,0.0,
NBP,2024-04-24,456,NoiseAgent,,,,,0,0.0,
NBP,2024-04-24,457,NoiseAgent,,,,,0,0.0,
NBP,2024-04-24,458,NoiseAgent,,,,,0,0.0,
NBP,2024-04-24,459,NoiseAgent,99328.0,99369.0,99348.0,41.0,0,0.0,
NBP,2024-04-24,460,NoiseAgent,,,,,0,0.0,
NBP,2024-04-24,461,NoiseAgent,,,,,0,0.0,
NBP,2024-04-24,462,NoiseAgent,,,,,0,0.0,
NBP,2024-04-24,463,NoiseAgent,,,,,0,0.0,
NBP,2024-04-24,464,NoiseAgent,,,,,0,0.0,
NBP,2024-04-24,465,NoiseAgent,,,,,0,0.0,
NBP,2024-04-24,466,NoiseAgent,,,,,0,0.0,
NBP,2024-04-24,467,NoiseAgent,94438.0,94525.0,94482.0,87.0,0,0.0,
NBP,2024-04-24,468,NoiseAgent,101511.0,101512.0,101512.0,1.0,0,0.0,
NBP,2024-04-24,469,NoiseAgent,,,,,0,0.0,
NBP,2024-04-24,470,NoiseAgent,,,,,0,0.0,
NBP,2024-04-24,471,NoiseAgent,,,,,0,0.0,
NBP,2024-04-24,472,NoiseAgent,,,,,0,0.0,
NBP,2024-04-24,473,NoiseAgent,,,,,0,0.0,
NBP,2024-04-24,474,NoiseAgent,99631.0,99634.0,99632.0,3.0,0,0.0,
NBP,2024-04-24,475,NoiseAgent,,,,,0,0.0,
NBP,2024-04-24,476,NoiseAgent,,,,,0,0.0,
NBP,2024-04-24,477,NoiseAgent,,,,,0,0.0,
NBP,2024-04-24,478,NoiseAgent,,,,,0,0.0,
NBP,2024-04-24,479,NoiseAgent,,,,,0,0.0,
NBP,2024-04-24,480,NoiseAgent,,,,,0,0.0,
NBP,2024-04-24,481,NoiseAgent,,,,,0,0.0,
NBP,2024-04-24,482,NoiseAgent,,,,,0,0.0,
NBP,2024-04-24,483,NoiseAgent,,,,,0,0.0,
NBP,2024-04-24,484,NoiseAgent,,,,,0,0.0,
NBP,2024-04-24,485,NoiseAgent,99144.0,99170.0,99157.0,26.0,0,0.0,
NBP,2024-04-24,486,NoiseAgent,,,,,0,0.0,
NBP,2024-04-24,487,NoiseAgent,,,,,0,0.0,
NBP,2024-04-24,488,NoiseAgent,,,,,0,0.0,
NBP,2024-04-24,489,NoiseAgent,,,,,0,0.0,
NBP,2024-04-24,490,NoiseAgent,,,,,0,0.0,
NBP,2024-04-24,491,NoiseAgent,99552.0,99567.0,99560.0,15.0,0,0.0,
NBP,2024-04-24,492,NoiseAgent,,,,,0,0.0,
NBP,2024-04-24,493,NoiseAgent,,,,,0,0.0,
NBP,2024-04-24,494,NoiseAgent,,,,,0,0.0,
NBP,2024-04-24,495,NoiseAgent,,,,,0,0.0,
NBP,2024-04-24,496,NoiseAgent,,,,,0,0.0,
NBP,2024-04-24,497,NoiseAgent,,,,,0,0.0,
NBP,2024-04-24,498,NoiseAgent,,,,,0,0.0,
NBP,2024-04-24,499,NoiseAgent,,,,,0,0.0,
NBP,2024-04-24,500,NoiseAgent,,,,,0,0.0,
NBP,2024-04-24,501,NoiseAgent,99170.0,99255.0,99212.0,85.0,0,0.0,
NBP,2024-04-24,502,NoiseAgent,,,,,0,0.0,
NBP,2024-04-24,503,NoiseAgent,,,,,0,0.0,
NBP,2024-04-24,504,NoiseAgent,,,,,0,0.0,
NBP,2024-04-24,505,NoiseAgent,,,,,0,0.0,
NBP,2024-04-24,506,NoiseAgent,,,,,0,0.0,
NBP,2024-04-24,507,NoiseAgent,,,,,0,0.0,
NBP,2024-04-24,508,NoiseAgent,,,,,0,0.0,
NBP,2024-04-24,509,NoiseAgent,,,,,0,0.0,
NBP,2024-04-24,510,NoiseAgent,,,,,0,0.0,
NBP,2024-04-24,511,NoiseAgent,,,,,0,0.0,
NBP,2024-04-24,512,NoiseAgent,,,,,0,0.0,
NBP,2024-04-24,513,NoiseAgent,,,,,0,0.0,
NBP,2024-04-24,514,NoiseAgent,,,,,0,0.0,
NBP,2024-04-24,515,NoiseAgent,,,,,0,0.0,
NBP,2024-04-24,516,NoiseAgent,,,,,0,0.0,
NBP,2024-04-24,517,NoiseAgent,101421.0,101430.0,101426.0,9.0,0,0.0,
NBP,2024-04-24,518,NoiseAgent,,,,,0,0.0,
NBP,2024-04-24,519,NoiseAgent,,,,,0,0.0,
NBP,2024-04-24,520,NoiseAgent,,,,,0,0.0,
NBP,2024-04-24,521,NoiseAgent,,,,,0,0.0,
NBP,2024-04-24,522,NoiseAgent,,,,,0,0.0,
NBP,2024-04-24,523,NoiseAgent,,,,,0,0.0,
NBP,2024-04-24,524,NoiseAgent,,,,,0,0.0,
NBP,2024-04-24,525,NoiseAgent,,,,,0,0.0,
NBP,2024-04-24,526,NoiseAgent,,,,,0,0.0,
NBP,2024-04-24,527,NoiseAgent,99241.0,99242.0,99242.0,1.0,0,0.0,
NBP,2024-04-24,528,NoiseAgent,,,,,0,0.0,
NBP,2024-04-24,529,NoiseAgent,,,,,0,0.0,
NBP,2024-04-24,530,NoiseAgent,,,,,0,0.0,
NBP,2024-04-24,531,NoiseAgent,,,,,0,0.0,
NBP,2024-04-24,532,NoiseAgent,,,,,0,0.0,
NBP,2024-04-24,533,NoiseAgent,,,,,0,0.0,
NBP,2024-04-24,534,NoiseAgent,,,,,0,0.0,
NBP,2024-04-24,535,NoiseAgent,,,,,0,0.0,
NBP,2024-04-24,536,NoiseAgent,100456.0,100461.0,100458.0,5.0,0,0.0,
NBP,2024-04-24,537,NoiseAgent,100022.0,100092.0,100057.0,70.0,0,0.0,
NBP,2024-04-24,538,NoiseAgent,,,,,0,0.0,
NBP,2024-04-24,539,NoiseAgent,,,,,0,0.0,
NBP,2024-04-24,540,NoiseAgent,,,,,0,0.0,
NBP,2024-04-24,541,NoiseAgent,99328.0,99369.0,99348.0,41.0,0,0.0,
NBP,2024-04-24,542,NoiseAgent,,,,,0,0.0,
NBP,2024-04-24,543,NoiseAgent,,,,,0,0.0,
NBP,2024-04-24,544,NoiseAgent,,,,,0,0.0,
NBP,2024-04-24,545,NoiseAgent,,,,,0,0.0,
NBP,2024-04-24,546,NoiseAgent,,,,,0,0.0,
NBP,2024-04-24,547,NoiseAgent,99539.0,99543.0,99541.0,4.0,0,0.0,
NBP,2024-04-24,548,NoiseAgent,,,,,0,0.0,
NBP,2024-04-24,549,NoiseAgent,100022.0,100092.0,100057.0,70.0,0,0.0,
NBP,2024-04-24,550,NoiseAgent,,,,,0,0.0,
NBP,2024-04-24,551,NoiseAgent,,,,,0,0.0,
NBP,2024-04-24,552,NoiseAgent,,,,,0,0.0,
NBP,2024-04-24,553,NoiseAgent,96680.0,96683.0,96682.0,3.0,0,0.0,
NBP,2024-04-24,554,NoiseAgent,,,,,0,0.0,
NBP,2024-04-24,555,NoiseAgent,,,,,0,0.0,
NBP,2024-04-24,556,NoiseAgent,,,,,0,0.0,
NBP,2024-04-24,557,NoiseAgent,102969.0,103425.0,103197.0,456.0,0,0.0,
NBP,2024-04-24,558,NoiseAgent,,,,,0,0.0,
NBP,2024-04-24,559,NoiseAgent,,,,,0,0.0,
NBP,2024-04-24,560,NoiseAgent,,,,,0,0.0,
NBP,2024-04-24,561,NoiseAgent,,,,,0,0.0,
NBP,2024-04-24,562,NoiseAgent,,,,,0,0.0,
NBP,2024-04-24,563,NoiseAgent,,,,,0,0.0,
NBP,2024-04-24,564,NoiseAgent,,,,,0,0.0,
NBP,2024-04-24,565,NoiseAgent,99720.0,99722.0,99721.0,2.0,0,0.0,
NBP,2024-04-24,566,NoiseAgent,,,,,0,0.0,
NBP,2024-04-24,567,NoiseAgent,,,,,0,0.0,
NBP,2024-04-24,568,NoiseAgent,,,,,0,0.0,
NBP,2024-04-24,569,NoiseAgent,,,,,0,0.0,
NBP,2024-04-24,570,NoiseAgent,,,,,0,0.0,
NBP,2024-04-24,571,NoiseAgent,,,,,0,0.0,
NBP,2024-04-24,572,NoiseAgent,,,,,0,0.0,
NBP,2024-04-24,573,NoiseAgent,,,,,0,0.0,
NBP,2024-04-24,574,NoiseAgent,,,,,0,0.0,
NBP,2024-04-24,575,NoiseAgent,,,,,0,0.0,
NBP,2024-04-24,576,NoiseAgent,,,,,0,0.0,
NBP,2024-04-24,577,NoiseAgent,,,,,0,0.0,
NBP,2024-04-24,578,NoiseAgent,,,,,0,0.0,
NBP,2024-04-24,579,NoiseAgent,,,,,0,0.0,
NBP,2024-04-24,580,NoiseAgent,,,,,0,0.0,
NBP,2024-04-24,581,NoiseAgent,,,,,0,0.0,
NBP,2024-04-24,582,NoiseAgent,,,,,0,0.0,
NBP,2024-04-24,583,NoiseAgent,,,,,0,0.0,
NBP,2024-04-24,584,NoiseAgent,95696.0,95725.0,95710.0,29.0,0,0.0,
NBP,2024-04-24,585,NoiseAgent,96712.0,96739.0,96726.0,27.0,0,0.0,
NBP,2024-04-24,586,NoiseAgent,,,,,0,0.0,
NBP,2024-04-24,587,NoiseAgent,,,,,0,0.0,
NBP,2024-04-24,588,NoiseAgent,,,,,0,0.0,
NBP,2024-04-24,589,NoiseAgent,,,,,0,0.0,
NBP,2024-04-24,590,NoiseAgent,,,,,0,0.0,
NBP,2024-04-24,591,NoiseAgent,,,,,0,0.0,
NBP,2024-04-24,592,NoiseAgent,,,,,0,0.0,
NBP,2024-04-24,593,NoiseAgent,,,,,0,0.0,
NBP,2024-04-24,594,NoiseAgent,,,,,0,0.0,
NBP,2024-04-24,595,NoiseAgent,99539.0,99543.0,99541.0,4.0,0,0.0,
NBP,2024-04-24,596,NoiseAgent,,,,,0,0.0,
NBP,2024-04-24,597,NoiseAgent,,,,,0,0.0,
NBP,2024-04-24,598,NoiseAgent,,,,,0,0.0,
NBP,2024-04-24,599,NoiseAgent,,,,,0,0.0,
NBP,2024-04-24,600,NoiseAgent,,,,,0,0.0,
NBP,2024-04-24,601,NoiseAgent,100011.0,100022.0,100016.0,11.0,0,0.0,
NBP,2024-04-24,602,NoiseAgent,,,,,0,0.0,
NBP,2024-04-24,603,NoiseAgent,,,,,0,0.0,
NBP,2024-04-24,604,NoiseAgent,,,,,0,0.0,
NBP,2024-04-24,605,NoiseAgent,,,,,0,0.0,
NBP,2024-04-24,606,NoiseAgent,,,,,0,0.0,
NBP,2024-04-24,607,NoiseAgent,,,,,0,0.0,
NBP,2024-04-24,608,NoiseAgent,,,,,0,0.0,
NBP,2024-04-24,609,NoiseAgent,,,,,0,0.0,
NBP,2024-04-24,610,NoiseAgent,,,,,0,0.0,
NBP,2024-04-24,611,NoiseAgent,,,,,0,0.0,
NBP,2024-04-24,612,NoiseAgent,101549.0,101551.0,101550.0,2.0,0,0.0,
NBP,2024-04-24,613,NoiseAgent,,,,,0,0.0,
NBP,2024-04-24,614,NoiseAgent,,,,,0,0.0,
NBP,2024-04-24,615,NoiseAgent,,,,,0,0.0,
NBP,2024-04-24,616,NoiseAgent,,,,,0,0.0,
NBP,2024-04-24,617,NoiseAgent,,,,,0,0.0,
NBP,2024-04-24,618,NoiseAgent,,,,,0,0.0,
NBP,2024-04-24,619,NoiseAgent,,,,,0,0.0,
NBP,2024-04-24,620,NoiseAgent,,,,,0,0.0,
NBP,2024-04-24,621,NoiseAgent,,,,,0,0.0,
NBP,2024-04-24,622,NoiseAgent,,,,,0,0.0,
NBP,2024-04-24,623,NoiseAgent,,,,,0,0.0,
NBP,2024-04-24,624,NoiseAgent,,,,,0,0.0,
NBP,2024-04-24,625,NoiseAgent,,,,,0,0.0,
NBP,2024-04-24,626,NoiseAgent,,,,,0,0.0,
NBP,2024-04-24,627,NoiseAgent,,,,,0,0.0,
NBP,2024-04-24,628,NoiseAgent,99750.0,99752.0,99751.0,2.0,0,0.0,
NBP,2024-04-24,629,NoiseAgent,,,,,0,0.0,
NBP,2024-04-24,630,NoiseAgent,,,,,0,0.0,
NBP,2024-04-24,631,NoiseAgent,,,,,0,0.0,
NBP,2024-04-24,632,NoiseAgent,,,,,0,0.0,
NBP,2024-04-24,633,NoiseAgent,,,,,0,0.0,
NBP,2024-04-24,634,NoiseAgent,99586.0,99740.0,99663.0,154.0,0,0.0,
NBP,2024-04-24,635,NoiseAgent,,,,,0,0.0,
NBP,2024-04-24,636,NoiseAgent,,,,,0,0.0,
NBP,2024-04-24,637,NoiseAgent,101549.0,101551.0,101550.0,2.0,0,0.0,
NBP,2024-04-24,638,NoiseAgent,,,,,0,0.0,
NBP,2024-04-24,639,NoiseAgent,,,,,0,0.0,
NBP,2024-04-24,640,NoiseAgent,,,,,0,0.0,
NBP,2024-04-24,641,NoiseAgent,,,,,0,0.0,
NBP,2024-04-24,642,NoiseAgent,,,,,0,0.0,
NBP,2024-04-24,643,NoiseAgent,,,,,0,0.0,
NBP,2024-04-24,644,NoiseAgent,,,,,0,0.0,
NBP,2024-04-24,645,NoiseAgent,,,,,0,0.0,
NBP,2024-04-24,646,NoiseAgent,,,,,0,0.0,
NBP,2024-04-24,647,NoiseAgent,,,,,0,0.0,
NBP,2024-04-24,648,NoiseAgent,,,,,0,0.0,
NBP,2024-04-24,649,NoiseAgent,,,,,0,0.0,
NBP,2024-04-24,650,NoiseAgent,99255.0,99303.0,99279.0,48.0,0,0.0,
NBP,2024-04-24,651,NoiseAgent,101511.0,101543.0,101527.0,32.0,0,0.0,
NBP,2024-04-24,652,NoiseAgent,,,,,0,0.0,
NBP,2024-04-24,653,NoiseAgent,,,,,0,0.0,
NBP,2024-04-24,654,NoiseAgent,,,,,0,0.0,
NBP,2024-04-24,655,NoiseAgent,96708.0,96710.0,96709.0,2.0,0,0.0,
NBP,2024-04-24,656,NoiseAgent,,,,,0,0.0,
NBP,2024-04-24,657,NoiseAgent,99241.0,99303.0,99272.0,62.0,0,0.0,
NBP,2024-04-24,658,NoiseAgent,,,,,0,0.0,
NBP,2024-04-24,659,NoiseAgent,,,,,0,0.0,
NBP,2024-04-24,660,NoiseAgent,99237.0,99255.0,99246.0,18.0,0,0.0,
NBP,2024-04-24,661,NoiseAgent,,,,,0,0.0,
NBP,2024-04-24,662,NoiseAgent,,,,,0,0.0,
NBP,2024-04-24,663,NoiseAgent,101439.0,101441.0,101440.0,2.0,0,0.0,
NBP,2024-04-24,664,NoiseAgent,,,,,0,0.0,
NBP,2024-04-24,665,NoiseAgent,,,,,0,0.0,
NBP,2024-04-24,666,NoiseAgent,,,,,0,0.0,
NBP,2024-04-24,667,NoiseAgent,,,,,0,0.0,
NBP,2024-04-24,668,NoiseAgent,,,,,0,0.0,
NBP,2024-04-24,669,NoiseAgent,,,,,0,0.0,
NBP,2024-04-24,670,NoiseAgent,99753.0,99754.0,99754.0,1.0,0,0.0,
NBP,2024-04-24,671,NoiseAgent,,,,,0,0.0,
NBP,2024-04-24,672,NoiseAgent,,,,,0,0.0,
NBP,2024-04-24,673,NoiseAgent,,,,,0,0.0,
NBP,2024-04-24,674,NoiseAgent,,,,,0,0.0,
NBP,2024-04-24,675,NoiseAgent,,,,,0,0.0,
NBP,2024-04-24,676,NoiseAgent,,,,,0,0.0,
NBP,2024-04-24,677,NoiseAgent,,,,,0,0.0,
NBP,2024-04-24,678,NoiseAgent,99123.0,99144.0,99134.0,21.0,0,0.0,
NBP,2024-04-24,679,NoiseAgent,,,,,0,0.0,
NBP,2024-04-24,680,NoiseAgent,,,,,0,0.0,
NBP,2024-04-24,681,NoiseAgent,,,,,0,0.0,
NBP,2024-04-24,682,NoiseAgent,,,,,0,0.0,
NBP,2024-04-24,683,NoiseAgent,,,,,0,0.0,
NBP,2024-04-24,684,NoiseAgent,,,,,0,0.0,
NBP,2024-04-24,685,NoiseAgent,,,,,0,0.0,
NBP,2024-04-24,686,NoiseAgent,,,,,0,0.0,
NBP,2024-04-24,687,NoiseAgent,99740.0,99742.0,99741.0,2.0,0,0.0,
NBP,2024-04-24,688,NoiseAgent,,,,,0,0.0,
NBP,2024-04-24,689,NoiseAgent,,,,,0,0.0,
NBP,2024-04-24,690,NoiseAgent,,,,,0,0.0,
NBP,2024-04-24,691,NoiseAgent,,,,,0,0.0,
NBP,2024-04-24,692,NoiseAgent,,,,,0,0.0,
NBP,2024-04-24,693,NoiseAgent,,,,,0,0.0,
NBP,2024-04-24,694,NoiseAgent,,,,,0,0.0,
NBP,2024-04-24,695,NoiseAgent,96712.0,96722.0,96717.0,10.0,0,0.0,
NBP,2024-04-24,696,NoiseAgent,,,,,0,0.0,
NBP,2024-04-24,697,NoiseAgent,,,,,0,0.0,
NBP,2024-04-24,698,NoiseAgent,,,,,0,0.0,
NBP,2024-04-24,699,NoiseAgent,,,,,0,0.0,
NBP,2024-04-24,700,NoiseAgent,,,,,0,0.0,
NBP,2024-04-24,701,NoiseAgent,,,,,0,0.0,
NBP,2024-04-24,702,NoiseAgent,101508.0,101511.0,101510.0,3.0,0,0.0,
NBP,2024-04-24,703,NoiseAgent,,,,,0,0.0,
NBP,2024-04-24,704,NoiseAgent,101430.0,101439.0,101434.0,9.0,0,0.0,
NBP,2024-04-24,705,NoiseAgent,,,,,0,0.0,
NBP,2024-04-24,706,NoiseAgent,,,,,0,0.0,
NBP,2024-04-24,707,NoiseAgent,,,,,0,0.0,
NBP,2024-04-24,708,NoiseAgent,,,,,0,0.0,
NBP,2024-04-24,709,NoiseAgent,,,,,0,0.0,
NBP,2024-04-24,710,NoiseAgent,,,,,0,0.0,
NBP,2024-04-24,711,NoiseAgent,,,,,0,0.0,
NBP,2024-04-24,712,NoiseAgent,,,,,0,0.0,
NBP,2024-04-24,713,NoiseAgent,,,,,0,0.0,
NBP,2024-04-24,714,NoiseAgent,,,,,0,0.0,
NBP,2024-04-24,715,NoiseAgent,,,,,0,0.0,
NBP,2024-04-24,716,NoiseAgent,,,,,0,0.0,
NBP,2024-04-24,717,NoiseAgent,,,,,0,0.0,
NBP,2024-04-24,718,NoiseAgent,,,,,0,0.0,
NBP,2024-04-24,719,NoiseAgent,,,,,0,0.0,
NBP,2024-04-24,720,NoiseAgent,,,,,0,0.0,
NBP,2024-04-24,721,NoiseAgent,,,,,0,0.0,
NBP,2024-04-24,722,NoiseAgent,,,,,0,0.0,
NBP,2024-04-24,723,NoiseAgent,,,,,0,0.0,
NBP,2024-04-24,724,NoiseAgent,,,,,0,0.0,
NBP,2024-04-24,725,NoiseAgent,,,,,0,0.0,
NBP,2024-04-24,726,NoiseAgent,94698.0,94712.0,94705.0,14.0,0,0.0,
NBP,2024-04-24,727,NoiseAgent,,,,,0,0.0,
NBP,2024-04-24,728,NoiseAgent,,,,,0,0.0,
NBP,2024-04-24,729,NoiseAgent,,,,,0,0.0,
NBP,2024-04-24,730,NoiseAgent,,,,,0,0.0,
NBP,2024-04-24,731,NoiseAgent,,,,,0,0.0,
NBP,2024-04-24,732,NoiseAgent,,,,,0,0.0,
NBP,2024-04-24,733,NoiseAgent,99585.0,99589.0,99587.0,4.0,0,0.0,
NBP,2024-04-24,734,NoiseAgent,,,,,0,0.0,
NBP,2024-04-24,735,NoiseAgent,,,,,0,0.0,
NBP,2024-04-24,736,NoiseAgent,,,,,0,0.0,
NBP,2024-04-24,737,NoiseAgent,,,,,0,0.0,
NBP,2024-04-24,738,NoiseAgent,,,,,0,0.0,
NBP,2024-04-24,739,NoiseAgent,,,,,0,0.0,
NBP,2024-04-24,740,NoiseAgent,,,,,0,0.0,
NBP,2024-04-24,741,NoiseAgent,,,,,0,0.0,
NBP,2024-04-24,742,NoiseAgent,,,,,0,0.0,
NBP,2024-04-24,743,NoiseAgent,,,,,0,0.0,
NBP,2024-04-24,744,NoiseAgent,,,,,0,0.0,
NBP,2024-04-24,745,NoiseAgent,,,,,0,0.0,
NBP,2024-04-24,746,NoiseAgent,,,,,0,0.0,
NBP,2024-04-24,747,NoiseAgent,,,,,0,0.0,
NBP,2024-04-24,748,NoiseAgent,95851.0,95909.0,95880.0,58.0,0,0.0,
NBP,2024-04-24,749,NoiseAgent,,,,,0,0.0,
NBP,2024-04-24,750,NoiseAgent,,,,,0,0.0,
NBP,2024-04-24,751,NoiseAgent,,,,,0,0.0,
NBP,2024-04-24,752,NoiseAgent,,,,,0,0.0,
NBP,2024-04-24,753,NoiseAgent,,,,,0,0.0,
NBP,2024-04-24,754,NoiseAgent,,,,,0,0.0,
NBP,2024-04-24,755,NoiseAgent,,,,,0,0.0,
NBP,2024-04-24,756,NoiseAgent,,,,,0,0.0,
NBP,2024-04-24,757,NoiseAgent,,,,,0,0.0,
NBP,2024-04-24,758,NoiseAgent,,,,,0,0.0,
NBP,2024-04-24,759,NoiseAgent,,,,,0,0.0,
NBP,2024-04-24,760,NoiseAgent,,,,,0,0.0,
NBP,2024-04-24,761,NoiseAgent,,,,,0,0.0,
NBP,2024-04-24,762,NoiseAgent,,,,,0,0.0,
NBP,2024-04-24,763,NoiseAgent,,,,,0,0.0,
NBP,2024-04-24,764,NoiseAgent,,,,,0,0.0,
NBP,2024-04-24,765,NoiseAgent,,,,,0,0.0,
NBP,2024-04-24,766,NoiseAgent,,,,,0,0.0,
NBP,2024-04-24,767,NoiseAgent,,,,,0,0.0,
NBP,2024-04-24,768,NoiseAgent,,,,,0,0.0,
NBP,2024-04-24,769,NoiseAgent,,,,,0,0.0,
NBP,2024-04-24,770,NoiseAgent,,,,,0,0.0,
NBP,2024-04-24,771,NoiseAgent,,,,,0,0.0,
NBP,2024-04-24,772,NoiseAgent,,,,,0,0.0,
NBP,2024-04-24,773,NoiseAgent,,,,,0,0.0,
NBP,2024-04-24,774,NoiseAgent,99965.0,99968.0,99966.0,3.0,0,0.0,
NBP,2024-04-24,775,NoiseAgent,,,,,0,0.0,
NBP,2024-04-24,776,NoiseAgent,99255.0,99297.0,99276.0,42.0,0,0.0,
NBP,2024-04-24,777,NoiseAgent,102969.0,103029.0,102999.0,60.0,0,0.0,
NBP,2024-04-24,778,NoiseAgent,,,,,0,0.0,
NBP,2024-04-24,779,NoiseAgent,,,,,0,0.0,
NBP,2024-04-24,780,NoiseAgent,99546.0,99548.0,99547.0,2.0,0,0.0,
NBP,2024-04-24,781,NoiseAgent,,,,,0,0.0,
NBP,2024-04-24,782,NoiseAgent,,,,,0,0.0,
NBP,2024-04-24,783,NoiseAgent,,,,,0,0.0,
NBP,2024-04-24,784,NoiseAgent,,,,,0,0.0,
NBP,2024-04-24,785,NoiseAgent,95523.0,95867.0,95695.0,344.0,0,0.0,
NBP,2024-04-24,786,NoiseAgent,,,,,0,0.0,
NBP,2024-04-24,787,NoiseAgent,99501.0,99539.0,99520.0,38.0,0,0.0,
NBP,2024-04-24,788,NoiseAgent,,,,,0,0.0,
NBP,2024-04-24,789,NoiseAgent,98926.0,98933.0,98930.0,7.0,0,0.0,
NBP,2024-04-24,790,NoiseAgent,,,,,0,0.0,
NBP,2024-04-24,791,NoiseAgent,,,,,0,0.0,
NBP,2024-04-24,792,NoiseAgent,,,,,0,0.0,
NBP,2024-04-24,793,NoiseAgent,,,,,0,0.0,
NBP,2024-04-24,794,NoiseAgent,,,,,0,0.0,
NBP,2024-04-24,795,NoiseAgent,,,,,0,0.0,
NBP,2024-04-24,796,NoiseAgent,,,,,0,0.0,
NBP,2024-04-24,797,NoiseAgent,,,,,0,0.0,
NBP,2024-04-24,798,NoiseAgent,,,,,0,0.0,
NBP,2024-04-24,799,NoiseAgent,99740.0,99749.0,99744.0,9.0,0,0.0,
NBP,2024-04-24,800,NoiseAgent,101512.0,101520.0,101516.0,8.0,0,0.0,
NBP,2024-04-24,801,NoiseAgent,,,,,0,0.0,
NBP,2024-04-24,802,NoiseAgent,,,,,0,0.0,
NBP,2024-04-24,803,NoiseAgent,101582.0,101781.0,101682.0,199.0,0,0.0,
NBP,2024-04-24,804,NoiseAgent,,,,,0,0.0,
NBP,2024-04-24,805,NoiseAgent,,,,,0,0.0,
NBP,2024-04-24,806,NoiseAgent,,,,,0,0.0,
NBP,2024-04-24,807,NoiseAgent,,,,,0,0.0,
NBP,2024-04-24,808,NoiseAgent,,,,,0,0.0,
NBP,2024-04-24,809,NoiseAgent,,,,,0,0.0,
NBP,2024-04-24,810,NoiseAgent,,,,,0,0.0,
NBP,2024-04-24,811,NoiseAgent,,,,,0,0.0,
NBP,2024-04-24,812,NoiseAgent,,,,,0,0.0,
NBP,2024-04-24,813,NoiseAgent,,,,,0,0.0,
NBP,2024-04-24,814,NoiseAgent,,,,,0,0.0,
NBP,2024-04-24,815,NoiseAgent,,,,,0,0.0,
NBP,2024-04-24,816,NoiseAgent,,,,,0,0.0,
NBP,2024-04-24,817,NoiseAgent,,,,,0,0.0,
NBP,2024-04-24,818,NoiseAgent,,,,,0,0.0,
NBP,2024-04-24,819,NoiseAgent,,,,,0,0.0,
NBP,2024-04-24,820,NoiseAgent,,,,,0,0.0,
NBP,2024-04-24,821,NoiseAgent,,,,,0,0.0,
NBP,2024-04-24,822,NoiseAgent,,,,,0,0.0,
NBP,2024-04-24,823,NoiseAgent,,,,,0,0.0,
NBP,2024-04-24,824,NoiseAgent,,,,,0,0.0,
NBP,2024-04-24,825,NoiseAgent,99655.0,99658.0,99656.0,3.0,0,0.0,
NBP,2024-04-24,826,NoiseAgent,,,,,0,0.0,
NBP,2024-04-24,827,NoiseAgent,,,,,0,0.0,
NBP,2024-04-24,828,NoiseAgent,,,,,0,0.0,
NBP,2024-04-24,829,NoiseAgent,99755.0,99821.0,99788.0,66.0,0,0.0,
NBP,2024-04-24,830,NoiseAgent,,,,,0,0.0,
NBP,2024-04-24,831,NoiseAgent,,,,,0,0.0,
NBP,2024-04-24,832,NoiseAgent,,,,,0,0.0,
NBP,2024-04-24,833,NoiseAgent,,,,,0,0.0,
NBP,2024-04-24,834,NoiseAgent,,,,,0,0.0,
NBP,2024-04-24,835,NoiseAgent,,,,,0,0.0,
NBP,2024-04-24,836,NoiseAgent,,,,,0,0.0,
NBP,2024-04-24,837,NoiseAgent,,,,,0,0.0,
NBP,2024-04-24,838,NoiseAgent,101561.0,101562.0,101562.0,1.0,0,0.0,
NBP,2024-04-24,839,NoiseAgent,99732.0,99740.0,99736.0,8.0,0,0.0,
NBP,2024-04-24,840,NoiseAgent,,,,,0,0.0,
NBP,2024-04-24,841,NoiseAgent,,,,,0,0.0,
NBP,2024-04-24,842,NoiseAgent,,,,,0,0.0,
NBP,2024-04-24,843,NoiseAgent,,,,,0,0.0,
NBP,2024-04-24,844,NoiseAgent,99487.0,99496.0,99492.0,9.0,0,0.0,
NBP,2024-04-24,845,NoiseAgent,101551.0,101552.0,101552.0,1.0,0,0.0,
NBP,2024-04-24,846,NoiseAgent,99752.0,99754.0,99753.0,2.0,0,0.0,
NBP,2024-04-24,847,NoiseAgent,,,,,0,0.0,
NBP,2024-04-24,848,NoiseAgent,,,,,0,0.0,
NBP,2024-04-24,849,NoiseAgent,,,,,0,0.0,
NBP,2024-04-24,850,NoiseAgent,,,,,0,0.0,
NBP,2024-04-24,851,NoiseAgent,,,,,0,0.0,
NBP,2024-04-24,852,NoiseAgent,,,,,0,0.0,
NBP,2024-04-24,853,NoiseAgent,,94712.0,,,0,0.0,
NBP,2024-04-24,854,NoiseAgent,94698.0,94712.0,94705.0,14.0,0,0.0,
NBP,2024-04-24,855,NoiseAgent,,,,,0,0.0,
NBP,2024-04-24,856,NoiseAgent,,,,,0,0.0,
NBP,2024-04-24,857,NoiseAgent,,,,,0,0.0,
NBP,2024-04-24,858,NoiseAgent,,,,,0,0.0,
NBP,2024-04-24,859,NoiseAgent,,,,,0,0.0,
NBP,2024-04-24,860,NoiseAgent,,,,,0,0.0,
NBP,2024-04-24,861,NoiseAgent,,,,,0,0.0,
NBP,2024-04-24,862,NoiseAgent,,,,,0,0.0,
NBP,2024-04-24,863,NoiseAgent,,,,,0,0.0,
NBP,2024-04-24,864,NoiseAgent,,,,,0,0.0,
NBP,2024-04-24,865,NoiseAgent,96707.0,96708.0,96708.0,1.0,0,0.0,
NBP,2024-04-24,866,NoiseAgent,96024.0,96025.0,96024.0,1.0,0,0.0,
NBP,2024-04-24,867,NoiseAgent,,,,,0,0.0,
NBP,2024-04-24,868,NoiseAgent,99752.0,99754.0,99753.0,2.0,0,0.0,
NBP,2024-04-24,869,NoiseAgent,99756.0,99801.0,99778.0,45.0,0,0.0,
NBP,2024-04-24,870,NoiseAgent,96330.0,97052.0,96691.0,722.0,0,0.0,
NBP,2024-04-24,871,NoiseAgent,,,,,0,0.0,
NBP,2024-04-24,872,NoiseAgent,,,,,0,0.0,
NBP,2024-04-24,873,NoiseAgent,,,,,0,0.0,
NBP,2024-04-24,874,NoiseAgent,,,,,0,0.0,
NBP,2024-04-24,875,NoiseAgent,,,,,0,0.0,
NBP,2024-04-24,876,NoiseAgent,,,,,0,0.0,
NBP,2024-04-24,877,NoiseAgent,,,,,0,0.0,
NBP,2024-04-24,878,NoiseAgent,,,,,0,0.0,
NBP,2024-04-24,879,NoiseAgent,,,,,0,0.0,
NBP,2024-04-24,880,NoiseAgent,,,,,0,0.0,
NBP,2024-04-24,881,NoiseAgent,,,,,0,0.0,
NBP,2024-04-24,882,NoiseAgent,,,,,0,0.0,
NBP,2024-04-24,883,NoiseAgent,,,,,0,0.0,
NBP,2024-04-24,884,NoiseAgent,,,,,0,0.0,
NBP,2024-04-24,885,NoiseAgent,,,,,0,0.0,
NBP,2024-04-24,886,NoiseAgent,,,,,0,0.0,
NBP,2024-04-24,887,NoiseAgent,,,,,0,0.0,
NBP,2024-04-24,888,NoiseAgent,,,,,0,0.0,
NBP,2024-04-24,889,NoiseAgent,,,,,0,0.0,
NBP,2024-04-24,890,NoiseAgent,,,,,0,0.0,
NBP,2024-04-24,891,NoiseAgent,,,,,0,0.0,
NBP,2024-04-24,892,NoiseAgent,96702.0,96705.0,96704.0,3.0,0,0.0,
NBP,2024-04-24,893,NoiseAgent,,,,,0,0.0,
NBP,2024-04-24,894,NoiseAgent,,,,,0,0.0,
NBP,2024-04-24,895,NoiseAgent,,,,,0,0.0,
NBP,2024-04-24,896,NoiseAgent,,,,,0,0.0,
NBP,2024-04-24,897,NoiseAgent,,,,,0,0.0,
NBP,2024-04-24,898,NoiseAgent,,,,,0,0.0,
NBP,2024-04-24,899,NoiseAgent,,,,,0,0.0,
NBP,2024-04-24,900,NoiseAgent,,,,,0,0.0,
NBP,2024-04-24,901,NoiseAgent,,,,,0,0.0,
NBP,2024-04-24,902,NoiseAgent,,,,,0,0.0,
NBP,2024-04-24,903,NoiseAgent,,,,,0,0.0,
NBP,2024-04-24,904,NoiseAgent,,,,,0,0.0,
NBP,2024-04-24,905,NoiseAgent,101510.0,101511.0,101510.0,1.0,0,0.0,
NBP,2024-04-24,906,NoiseAgent,,,,,0,0.0,
NBP,2024-04-24,907,NoiseAgent,,,,,0,0.0,
NBP,2024-04-24,908,NoiseAgent,,,,,0,0.0,
NBP,2024-04-24,909,NoiseAgent,,,,,0,0.0,
NBP,2024-04-24,910,NoiseAgent,,,,,0,0.0,
NBP,2024-04-24,911,NoiseAgent,99624.0,99626.0,99625.0,2.0,0,0.0,
NBP,2024-04-24,912,NoiseAgent,,,,,0,0.0,
NBP,2024-04-24,913,NoiseAgent,,,,,0,0.0,
NBP,2024-04-24,914,NoiseAgent,102969.0,103029.0,102999.0,60.0,0,0.0,
NBP,2024-04-24,915,NoiseAgent,,,,,0,0.0,
NBP,2024-04-24,916,NoiseAgent,,,,,0,0.0,
NBP,2024-04-24,917,NoiseAgent,,,,,0,0.0,
NBP,2024-04-24,918,NoiseAgent,,,,,0,0.0,
NBP,2024-04-24,919,NoiseAgent,,,,,0,0.0,
NBP,2024-04-24,920,NoiseAgent,,,,,0,0.0,
NBP,2024-04-24,921,NoiseAgent,,,,,0,0.0,
NBP,2024-04-24,922,NoiseAgent,,,,,0,0.0,
NBP,2024-04-24,923,NoiseAgent,,,,,0,0.0,
NBP,2024-04-24,924,NoiseAgent,96330.0,97418.0,96874.0,1088.0,0,0.0,
NBP,2024-04-24,925,NoiseAgent,,,,,0,0.0,
NBP,2024-04-24,926,NoiseAgent,94712.0,97418.0,96065.0,2706.0,0,0.0,
NBP,2024-04-24,927,NoiseAgent,,,,,0,0.0,
NBP,2024-04-24,928,NoiseAgent,,,,,0,0.0,
NBP,2024-04-24,929,NoiseAgent,,,,,0,0.0,
NBP,2024-04-24,930,NoiseAgent,,,,,0,0.0,
NBP,2024-04-24,931,NoiseAgent,,,,,0,0.0,
NBP,2024-04-24,932,NoiseAgent,,,,,0,0.0,
NBP,2024-04-24,933,NoiseAgent,,,,,0,0.0,
NBP,2024-04-24,934,NoiseAgent,,,,,0,0.0,
NBP,2024-04-24,935,NoiseAgent,,,,,0,0.0,
NBP,2024-04-24,936,NoiseAgent,,,,,0,0.0,
NBP,2024-04-24,937,NoiseAgent,,,,,0,0.0,
NBP,2024-04-24,938,NoiseAgent,,,,,0,0.0,
NBP,2024-04-24,939,NoiseAgent,,,,,0,0.0,
NBP,2024-04-24,940,NoiseAgent,,,,,0,0.0,
NBP,2024-04-24,941,NoiseAgent,,,,,0,0.0,
NBP,2024-04-24,942,NoiseAgent,,,,,0,0.0,
NBP,2024-04-24,943,NoiseAgent,,,,,0,0.0,
NBP,2024-04-24,944,NoiseAgent,,,,,0,0.0,
NBP,2024-04-24,945,NoiseAgent,,,,,0,0.0,
NBP,2024-04-24,946,NoiseAgent,,,,,0,0.0,
NBP,2024-04-24,947,NoiseAgent,,,,,0,0.0,
NBP,2024-04-24,948,NoiseAgent,,,,,0,0.0,
NBP,2024-04-24,949,NoiseAgent,,,,,0,0.0,
NBP,2024-04-24,950,NoiseAgent,,,,,0,0.0,
NBP,2024-04-24,951,NoiseAgent,,,,,0,0.0,
NBP,2024-04-24,952,NoiseAgent,,,,,0,0.0,
NBP,2024-04-24,953,NoiseAgent,,,,,0,0.0,
NBP,2024-04-24,954,NoiseAgent,,,,,0,0.0,
NBP,2024-04-24,955,NoiseAgent,,,,,0,0.0,
NBP,2024-04-24,956,NoiseAgent,,,,,0,0.0,
NBP,2024-04-24,957,NoiseAgent,,,,,0,0.0,
NBP,2024-04-24,958,NoiseAgent,,,,,0,0.0,
NBP,2024-04-24,959,NoiseAgent,,,,,0,0.0,
NBP,2024-04-24,960,NoiseAgent,,,,,0,0.0,
NBP,2024-04-24,961,NoiseAgent,96708.0,96712.0,96710.0,4.0,0,0.0,
NBP,2024-04-24,962,NoiseAgent,101502.0,101503.0,101502.0,1.0,0,0.0,
NBP,2024-04-24,963,NoiseAgent,,,,,0,0.0,
NBP,2024-04-24,964,NoiseAgent,,,,,0,0.0,
NBP,2024-04-24,965,NoiseAgent,,,,,0,0.0,
NBP,2024-04-24,966,NoiseAgent,,,,,0,0.0,
NBP,2024-04-24,967,NoiseAgent,99447.0,99482.0,99464.0,35.0,0,0.0,
NBP,2024-04-24,968,NoiseAgent,,,,,0,0.0,
NBP,2024-04-24,969,NoiseAgent,,,,,0,0.0,
NBP,2024-04-24,970,NoiseAgent,,,,,0,0.0,
NBP,2024-04-24,971,NoiseAgent,,,,,0,0.0,
NBP,2024-04-24,972,NoiseAgent,,,,,0,0.0,
NBP,2024-04-24,973,NoiseAgent,,,,,0,0.0,
NBP,2024-04-24,974,NoiseAgent,,,,,0,0.0,
NBP,2024-04-24,975,NoiseAgent,,,,,0,0.0,
NBP,2024-04-24,976,NoiseAgent,,,,,0,0.0,
NBP,2024-04-24,977,NoiseAgent,,,,,0,0.0,
NBP,2024-04-24,978,NoiseAgent,95523.0,95535.0,95529.0,12.0,0,0.0,
NBP,2024-04-24,979,NoiseAgent,,,,,0,0.0,
NBP,2024-04-24,980,NoiseAgent,,,,,0,0.0,
NBP,2024-04-24,981,NoiseAgent,,,,,0,0.0,
NBP,2024-04-24,982,NoiseAgent,,,,,0,0.0,
NBP,2024-04-24,983,NoiseAgent,,,,,0,0.0,
NBP,2024-04-24,984,NoiseAgent,,,,,0,0.0,
NBP,2024-04-24,985,NoiseAgent,,,,,0,0.0,
NBP,2024-04-24,986,NoiseAgent,,,,,0,0.0,
NBP,2024-04-24,987,NoiseAgent,101457.0,101458.0,101458.0,1.0,0,0.0,
NBP,2024-04-24,988,NoiseAgent,,,,,0,0.0,
NBP,2024-04-24,989,NoiseAgent,,,,,0,0.0,
NBP,2024-04-24,990,NoiseAgent,,,,,0,0.0,
NBP,2024-04-24,991,NoiseAgent,,,,,0,0.0,
NBP,2024-04-24,992,NoiseAgent,101440.0,101566.0,101503.0,126.0,0,0.0,
NBP,2024-04-24,993,NoiseAgent,,,,,0,0.0,
NBP,2024-04-24,994,NoiseAgent,101508.0,101509.0,101508.0,1.0,0,0.0,
NBP,2024-04-24,995,NoiseAgent,,,,,0,0.0,
NBP,2024-04-24,996,NoiseAgent,,,,,0,0.0,
NBP,2024-04-24,997,NoiseAgent,99749.0,99802.0,99776.0,53.0,0,0.0,
NBP,2024-04-24,998,NoiseAgent,,99603.0,,,0,0.0,
NBP,2024-04-24,999,NoiseAgent,,,,,0,0.0,
NBP,2024-04-24,1000,NoiseAgent,,,,,0,0.0,
NBP,2024-04-24,1001,ValueAgent,95070.0,95076.0,95073.0,6.0,0,0.0,
NBP,2024-04-24,1002,ValueAgent,96680.0,96695.0,96688.0,15.0,0,0.0,
NBP,2024-04-24,1003,ValueAgent,96707.0,96708.0,96708.0,1.0,0,0.0,
NBP,2024-04-24,1004,ValueAgent,95867.0,96003.0,95935.0,136.0,0,0.0,
NBP,2024-04-24,1005,ValueAgent,101503.0,101506.0,101504.0,3.0,0,0.0,
NBP,2024-04-24,1006,ValueAgent,96024.0,96025.0,96024.0,1.0,0,0.0,
NBP,2024-04-24,1007,ValueAgent,96712.0,96736.0,96724.0,24.0,0,0.0,
NBP,2024-04-24,1008,ValueAgent,96079.0,96133.0,96106.0,54.0,0,0.0,
NBP,2024-04-24,1009,ValueAgent,96024.0,96031.0,96028.0,7.0,0,0.0,
NBP,2024-04-24,1010,ValueAgent,99029.0,99030.0,99030.0,1.0,0,0.0,
NBP,2024-04-24,1011,ValueAgent,96697.0,96698.0,96698.0,1.0,0,0.0,
NBP,2024-04-24,1012,ValueAgent,94712.0,97418.0,96065.0,2706.0,0,0.0,
NBP,2024-04-24,1013,ValueAgent,94698.0,94712.0,94705.0,14.0,0,0.0,
NBP,2024-04-24,1014,ValueAgent,96680.0,96684.0,96682.0,4.0,0,0.0,
NBP,2024-04-24,1015,ValueAgent,96712.0,96739.0,96726.0,27.0,0,0.0,
NBP,2024-04-24,1016,ValueAgent,96705.0,96706.0,96706.0,1.0,0,0.0,
NBP,2024-04-24,1017,ValueAgent,95719.0,95808.0,95764.0,89.0,0,0.0,
NBP,2024-04-24,1018,ValueAgent,96006.0,96024.0,96015.0,18.0,0,0.0,
NBP,2024-04-24,1019,ValueAgent,96702.0,96707.0,96704.0,5.0,0,0.0,
NBP,2024-04-24,1020,ValueAgent,96024.0,96133.0,96078.0,109.0,0,0.0,
NBP,2024-04-24,1021,ValueAgent,96708.0,96711.0,96710.0,3.0,0,0.0,
NBP,2024-04-24,1022,ValueAgent,95696.0,95775.0,95736.0,79.0,0,0.0,
NBP,2024-04-24,1023,ValueAgent,96707.0,96708.0,96708.0,1.0,0,0.0,
NBP,2024-04-24,1024,ValueAgent,96739.0,96766.0,96752.0,27.0,0,0.0,
NBP,2024-04-24,1025,ValueAgent,95042.0,95076.0,95059.0,34.0,0,0.0,
NBP,2024-04-24,1026,ValueAgent,96703.0,96707.0,96705.0,4.0,0,0.0,
NBP,2024-04-24,1027,ValueAgent,96024.0,96025.0,96024.0,1.0,0,0.0,
NBP,2024-04-24,1028,ValueAgent,96712.0,96736.0,96724.0,24.0,0,0.0,
NBP,2024-04-24,1029,ValueAgent,97648.0,97788.0,97718.0,140.0,0,0.0,
NBP,2024-04-24,1030,ValueAgent,95867.0,96024.0,95946.0,157.0,0,0.0,
NBP,2024-04-24,1031,ValueAgent,95867.0,96832.0,96350.0,965.0,0,0.0,
NBP,2024-04-24,1032,ValueAgent,95719.0,95804.0,95762.0,85.0,0,0.0,
NBP,2024-04-24,1033,ValueAgent,96006.0,96024.0,96015.0,18.0,0,0.0,
NBP,2024-04-24,1034,ValueAgent,96024.0,96025.0,96024.0,1.0,0,0.0,
NBP,2024-04-24,1035,ValueAgent,95696.0,95775.0,95736.0,79.0,0,0.0,
NBP,2024-04-24,1036,ValueAgent,96701.0,96702.0,96702.0,1.0,0,0.0,
NBP,2024-04-24,1037,ValueAgent,94438.0,94525.0,94482.0,87.0,0,0.0,
NBP,2024-04-24,1038,ValueAgent,96211.0,96832.0,96522.0,621.0,0,0.0,
NBP,2024-04-24,1039,ValueAgent,96712.0,96715.0,96714.0,3.0,0,0.0,
NBP,2024-04-24,1040,ValueAgent,96024.0,96025.0,96024.0,1.0,0,0.0,
NBP,2024-04-24,1041,ValueAgent,96557.0,96678.0,96618.0,121.0,0,0.0,
NBP,2024-04-24,1042,ValueAgent,95696.0,95773.0,95734.0,77.0,0,0.0,
NBP,2024-04-24,1043,ValueAgent,96707.0,96708.0,96708.0,1.0,0,0.0,
NBP,2024-04-24,1044,ValueAgent,96708.0,96711.0,96710.0,3.0,0,0.0,
NBP,2024-04-24,1045,ValueAgent,96706.0,96707.0,96706.0,1.0,0,0.0,
NBP,2024-04-24,1046,ValueAgent,95851.0,95973.0,95912.0,122.0,0,0.0,
NBP,2024-04-24,1047,ValueAgent,98108.0,98338.0,98223.0,230.0,0,0.0,
NBP,2024-04-24,1048,ValueAgent,94226.0,94525.0,94376.0,299.0,0,0.0,
NBP,2024-04-24,1049,ValueAgent,96680.0,96684.0,96682.0,4.0,0,0.0,
NBP,2024-04-24,1050,ValueAgent,95076.0,95231.0,95154.0,155.0,0,0.0,
NBP,2024-04-24,1051,ValueAgent,96006.0,96018.0,96012.0,12.0,0,0.0,
NBP,2024-04-24,1052,ValueAgent,95867.0,96024.0,95946.0,157.0,0,0.0,
NBP,2024-04-24,1053,ValueAgent,96707.0,96708.0,96708.0,1.0,0,0.0,
NBP,2024-04-24,1054,ValueAgent,96697.0,96698.0,96698.0,1.0,0,0.0,
NBP,2024-04-24,1055,ValueAgent,96702.0,96706.0,96704.0,4.0,0,0.0,
NBP,2024-04-24,1056,ValueAgent,95719.0,95775.0,95747.0,56.0,0,0.0,
NBP,2024-04-24,1057,ValueAgent,95064.0,95076.0,95070.0,12.0,0,0.0,
NBP,2024-04-24,1058,ValueAgent,96712.0,96739.0,96726.0,27.0,0,0.0,
NBP,2024-04-24,1059,ValueAgent,96700.0,96702.0,96701.0,2.0,0,0.0,
NBP,2024-04-24,1060,ValueAgent,94434.0,94438.0,94436.0,4.0,0,0.0,
NBP,2024-04-24,1061,ValueAgent,96700.0,96702.0,96701.0,2.0,0,0.0,
NBP,2024-04-24,1062,ValueAgent,95867.0,96003.0,95935.0,136.0,0,0.0,
NBP,2024-04-24,1063,ValueAgent,96708.0,96712.0,96710.0,4.0,0,0.0,
NBP,2024-04-24,1064,ValueAgent,96024.0,96025.0,96024.0,1.0,0,0.0,
NBP,2024-04-24,1065,ValueAgent,95867.0,97052.0,96460.0,1185.0,0,0.0,
NBP,2024-04-24,1066,ValueAgent,101559.0,101561.0,101560.0,2.0,0,0.0,
NBP,2024-04-24,1067,ValueAgent,96006.0,96018.0,96012.0,12.0,0,0.0,
NBP,2024-04-24,1068,ValueAgent,96707.0,96708.0,96708.0,1.0,0,0.0,
NBP,2024-04-24,1069,ValueAgent,96568.0,96667.0,96618.0,99.0,0,0.0,
NBP,2024-04-24,1070,ValueAgent,95696.0,95775.0,95736.0,79.0,0,0.0,
NBP,2024-04-24,1071,ValueAgent,96739.0,96740.0,96740.0,1.0,0,0.0,
NBP,2024-04-24,1072,ValueAgent,95999.0,96006.0,96002.0,7.0,0,0.0,
NBP,2024-04-24,1073,ValueAgent,97648.0,97838.0,97743.0,190.0,0,0.0,
NBP,2024-04-24,1074,ValueAgent,96712.0,96739.0,96726.0,27.0,0,0.0,
NBP,2024-04-24,1075,ValueAgent,96701.0,96705.0,96703.0,4.0,0,0.0,
NBP,2024-04-24,1076,ValueAgent,95719.0,95775.0,95747.0,56.0,0,0.0,
NBP,2024-04-24,1077,ValueAgent,95523.0,95867.0,95695.0,344.0,0,0.0,
NBP,2024-04-24,1078,ValueAgent,96707.0,96708.0,96708.0,1.0,0,0.0,
NBP,2024-04-24,1079,ValueAgent,96687.0,96695.0,96691.0,8.0,0,0.0,
NBP,2024-04-24,1080,ValueAgent,94438.0,94525.0,94482.0,87.0,0,0.0,
NBP,2024-04-24,1081,ValueAgent,96707.0,96708.0,96708.0,1.0,0,0.0,
NBP,2024-04-24,1082,ValueAgent,96703.0,96706.0,96704.0,3.0,0,0.0,
NBP,2024-04-24,1083,ValueAgent,96079.0,96471.0,96275.0,392.0,0,0.0,
NBP,2024-04-24,1084,ValueAgent,96699.0,96702.0,96700.0,3.0,0,0.0,
NBP,2024-04-24,1085,ValueAgent,96701.0,96705.0,96703.0,4.0,0,0.0,
NBP,2024-04-24,1086,ValueAgent,95386.0,95541.0,95464.0,155.0,0,0.0,
NBP,2024-04-24,1087,ValueAgent,96707.0,96708.0,96708.0,1.0,0,0.0,
NBP,2024-04-24,1088,ValueAgent,99539.0,99558.0,99548.0,19.0,0,0.0,
NBP,2024-04-24,1089,ValueAgent,95541.0,95696.0,95618.0,155.0,0,0.0,
NBP,2024-04-24,1090,ValueAgent,94106.0,94525.0,94316.0,419.0,0,0.0,
NBP,2024-04-24,1091,ValueAgent,99496.0,99512.0,99504.0,16.0,0,0.0,
NBP,2024-04-24,1092,ValueAgent,96707.0,96708.0,96708.0,1.0,0,0.0,
NBP,2024-04-24,1093,ValueAgent,96701.0,96702.0,96702.0,1.0,0,0.0,
NBP,2024-04-24,1094,ValueAgent,96024.0,96471.0,96248.0,447.0,0,0.0,
NBP,2024-04-24,1095,ValueAgent,96024.0,96114.0,96069.0,90.0,0,0.0,
NBP,2024-04-24,1096,ValueAgent,96706.0,96707.0,96706.0,1.0,0,0.0,
NBP,2024-04-24,1097,ValueAgent,96694.0,96701.0,96698.0,7.0,0,0.0,
NBP,2024-04-24,1098,ValueAgent,96024.0,96039.0,96032.0,15.0,0,0.0,
NBP,2024-04-24,1099,ValueAgent,96700.0,96703.0,96702.0,3.0,0,0.0,
NBP,2024-04-24,1100,ValueAgent,99170.0,99255.0,99212.0,85.0,0,0.0,
NBP,2024-04-24,1101,ValueAgent,95386.0,95404.0,95395.0,18.0,0,0.0,
NBP,2024-04-24,1102,ValueAgent,96133.0,96471.0,96302.0,338.0,0,0.0,
NBP,2024-04-24,1105,MomentumAgent,96079.0,96471.0,96275.0,392.0,0,0.0,
NBP,2024-04-24,1106,MomentumAgent,96133.0,96471.0,96302.0,338.0,0,0.0,
NBP,2024-04-24,1107,MomentumAgent,95076.0,95231.0,95154.0,155.0,0,0.0,
NBP,2024-04-24,1108,MomentumAgent,96006.0,96024.0,96015.0,18.0,0,0.0,
NBP,2024-04-24,1109,MomentumAgent,95070.0,95076.0,95073.0,6.0,0,0.0,
NBP,2024-04-24,1110,MomentumAgent,95076.0,95231.0,95154.0,155.0,0,0.0,
NBP,2024-04-24,1111,MomentumAgent,95696.0,95725.0,95710.0,29.0,0,0.0,
NBP,2024-04-24,1112,MomentumAgent,95231.0,95404.0,95318.0,173.0,0,0.0,
NBP,2024-04-24,1113,MomentumAgent,96024.0,96025.0,96024.0,1.0,0,0.0,
NBP,2024-04-24,1114,MomentumAgent,95719.0,95820.0,95770.0,101.0,0,0.0,
NBP,2024-04-24,1115,MomentumAgent,95231.0,95404.0,95318.0,173.0,0,0.0,
NBP,2024-04-24,1116,MomentumAgent,96024.0,96031.0,96028.0,7.0,0,0.0,
